sort3test

testa =

     3     2     1


testa =

     3     2     1


testa =

     3     2     1


testb =

     3     2     1


testb =

     3     2     1


testb =

     3     2     1


testc =

     3     2     1


testc =

     3     2     1


testc =

     3     2     1


testd =

     3     2     1


testd =

     3     2     1


testd =

     3     2     1


teste =

     3     2     1


teste =

     3     2     1


teste =

     3     2     1


testf =

     3     2     1


testf =

     3     2     1


testf =

     3     2     1

diary off
